180
0 9212 1 1 0 0 55 3134 22 6 100 54 25 54 108 112 108 54 100 10 100 10 100 6 100 33 2 52 2 33 100 6 22 1 1 0 0 0 1 0
0 9352 1 1 0 0 55 7003 37 63 82 86 102 61 22 61 90 61 19 24 71 91 71 8 72 7 104 17 34 12 86 12 34 103 47 103 34 76 16 76 104 73 110 97 27 112 21 29 0 0 1 0 0 1 0
0 9996 1 1 0 0 55 10367 64 84 86 118 86 12 34 22 61 19 24 58 7 20 89 24 38 24 88 77 88 24 19 61 22 49 99 44 7 104 7 4 57 14 26 48 26 1 58 1 74 103 97 27 97 46 11 46 97 103 56 109 35 70 35 30 50 39 53 18 111 60 43 60 43 9 45 0 0 1 1 0 0 1
1 1177 1 1 1 1 125 10829 69 103 74 68 74 68 93 24 88 24 71 23 33 23 66 74 68 74 6 53 9 3 13 3 30 50 39 53 9 3 13 35 30 29 110 61 19 18 111 60 43 60 87 41 87 41 87 60 87 41 6 53 16 53 18 19 24 89 20 7 44 7 72 25 98 25 49 22 61 102 22 55 1 1 0 0 0 1 0
1 1345 1 1 1 1 125 7868 41 26 14 102 14 73 110 97 46 11 46 11 46 93 96 79 49 99 49 79 49 25 98 25 49 99 49 99 49 79 6 41 87 4 7 58 40 97 103 97 40 54 3 38 1 0 0 1 0 1 1
0 9178 1 1 0 0 55 11346 65 114 36 114 36 5 37 5 37 5 66 5 66 23 66 32 24 50 24 58 1 26 14 73 110 61 110 97 40 84 86 12 14 73 104 7 20 21 89 20 115 20 89 24 58 1 26 4 7 72 7 72 25 98 25 72 7 44 91 71 8 91 44 99 44 91 6 57 0 1 0 1 0 0 1
0 9090 1 1 0 0 55 5093 28 40 97 110 61 102 12 62 12 86 84 86 12 34 12 34 22 61 22 61 110 73 16 76 75 76 16 109 56 1 17 1 1 0 0 1 0 1
0 9945 1 1 0 0 55 8868 55 25 54 40 84 40 84 40 95 29 110 73 60 43 60 87 41 6 79 96 69 102 61 90 61 110 61 90 80 45 80 90 80 45 80 90 80 45 80 45 80 90 80 45 80 90 61 90 61 22 61 110 73 16 53 18 5 50 1 1 0 0 1 1 1
1 1151 1 1 1 1 125 7578 42 64 114 85 114 85 114 64 89 20 42 57 59 96 59 38 13 3 15 31 15 3 13 38 59 38 13 49 79 6 79 49 22 49 25 49 22 61 102 14 57 4 26 19 23 1 0 0 1 1 0 1
1 1636 1 1 1 1 125 8282 53 50 30 50 30 50 39 53 6 53 18 19 18 53 9 35 30 3 30 3 13 49 22 34 103 51 102 12 62 110 29 95 40 97 40 97 46 93 96 69 102 69 102 86 84 40 97 46 93 24 93 96 93 24 20 24 1 1 0 0 1 1 0
0 9280 0 1 0 0 30 7486 47 22 49 99 44 57 4 87 41 87 115 87 41 104 41 87 115 20 89 21 20 7 104 17 34 76 104 76 104 72 8 67 111 60 111 18 53 39 53 39 53 6 100 10 100 33 100 33 10 45 0 0 1 0 0 0 1
1 1963 1 1 1 0 90 4799 28 93 24 89 64 52 64 114 36 114 36 88 24 71 8 105 8 72 7 4 87 81 87 4 7 20 115 6 79 22 45 0 0 1 0 1 0 1
0 9238 1 1 0 0 55 2793 21 79 49 99 49 22 49 79 96 69 102 12 102 69 96 59 107 59 107 59 24 58 17 53 0 1 0 1 0 1 0
1 1298 1 1 1 1 125 11594 69 90 61 90 61 110 29 110 61 90 80 90 80 45 80 90 80 90 61 102 14 12 14 102 51 102 51 24 88 77 88 24 58 1 26 4 7 58 1 74 103 97 40 95 40 84 40 54 40 58 106 107 59 107 106 107 59 38 59 96 93 96 69 96 93 46 97 103 47 103 23 19 0 0 1 1 1 1 1
0 9762 1 1 0 0 55 11290 66 17 104 17 104 73 104 41 104 76 104 7 58 106 58 1 28 1 26 14 26 14 12 86 82 63 83 75 83 81 87 81 83 63 82 63 82 86 82 63 83 75 76 16 53 16 109 16 109 2 109 56 109 35 13 35 30 35 30 29 110 62 110 97 46 93 96 12 43 1 1 1 1 0 1 1
0 9234 0 1 0 0 30 6694 43 60 43 60 43 60 73 16 76 16 76 75 76 16 73 14 102 69 96 93 46 11 46 93 24 71 91 71 24 59 57 68 93 46 93 68 74 6 53 16 53 18 53 39 11 16 1 1 0 0 1 1 1
1 1429 1 1 1 1 125 7215 50 22 49 99 44 91 71 24 88 77 64 114 64 52 64 52 2 33 100 33 100 6 53 39 53 39 50 24 89 21 20 115 6 115 20 115 87 41 87 4 26 106 58 106 58 40 54 28 54 40 95 3 33 0 1 1 1 1 1 1
1 1809 1 1 1 1 125 9568 52 72 7 58 24 58 106 107 106 107 106 107 59 38 24 89 20 89 64 52 64 52 64 89 24 59 24 32 24 50 39 50 30 35 104 35 13 35 30 35 30 29 95 40 97 40 54 40 84 86 12 34 76 10 18 0 0 1 0 0 1 1
1 1184 1 1 1 1 125 10659 64 86 118 86 82 86 118 86 102 61 110 61 110 29 95 40 97 110 62 110 61 22 61 110 81 83 75 83 75 83 63 82 63 83 63 83 34 17 104 41 104 35 104 7 104 76 75 83 81 65 101 115 20 21 89 64 114 64 89 21 20 42 57 42 20 18 26 0 1 0 0 1 1 1
1 1531 1 1 1 0 90 5736 38 110 61 102 14 57 14 26 1 28 54 100 33 23 33 23 33 23 66 32 66 74 103 97 27 112 27 97 40 54 40 97 103 97 110 62 110 62 110 11 20 0 1 0 1 0 0 1
1 1545 1 1 1 1 125 8936 61 105 8 105 8 27 112 27 97 103 51 24 71 94 71 24 51 103 97 110 73 16 73 14 26 1 28 1 74 6 74 66 74 66 23 66 74 103 56 103 74 103 34 83 34 22 61 19 24 71 24 89 24 93 24 89 20 115 87 4 26 14 8 15 0 1 0 0 0 1 1
1 1956 1 1 1 1 125 8601 58 97 40 95 30 35 9 3 13 68 93 113 93 113 93 68 74 1 26 14 73 104 7 104 73 14 26 14 57 68 13 68 94 68 74 103 97 40 97 103 47 103 51 103 74 6 53 6 100 54 108 54 40 54 108 54 40 54 40 10 41 1 1 1 0 1 1 0
0 9825 1 1 0 0 55 9148 55 56 109 35 70 35 104 7 44 57 44 7 104 72 8 72 104 17 85 17 85 114 36 88 24 71 23 71 24 58 24 32 24 88 24 58 7 20 115 87 4 7 104 17 85 17 34 76 104 7 20 21 89 20 115 20 17 25 1 0 0 1 1 0 1
0 9917 1 1 0 0 55 8402 54 116 68 13 3 9 53 18 111 67 111 60 73 104 7 20 21 89 24 58 40 58 7 104 41 104 41 6 115 87 60 111 18 111 18 111 18 111 67 101 115 87 41 104 35 9 3 13 49 25 72 7 72 104 41 18 25 1 0 0 1 0 0 1
0 9563 1 1 0 0 55 8310 54 110 81 87 60 43 60 87 4 87 41 104 72 7 20 7 4 87 4 57 59 57 42 20 115 20 7 104 7 20 42 118 42 20 115 20 21 20 21 89 64 77 64 52 64 114 36 5 36 114 64 89 20 7 58 11 28 0 0 1 1 0 1 1
1 1611 1 1 1 1 125 7707 40 56 103 47 103 47 103 34 17 104 76 16 76 16 73 104 72 25 72 7 72 104 7 104 17 85 114 36 114 36 88 36 114 85 114 36 5 66 32 66 32 12 22 1 1 0 0 0 0 0
0 9738 1 1 0 0 55 5872 32 75 76 16 109 56 109 16 76 34 17 104 72 104 76 75 83 34 12 86 82 86 82 86 82 86 82 63 83 75 83 34 22 17 29 0 0 0 0 0 0 0
0 9238 0 1 0 0 30 5274 39 25 72 7 20 115 20 89 24 50 24 38 13 3 9 53 16 53 18 111 18 111 67 111 60 111 67 101 115 6 79 96 93 68 74 6 115 101 67 111 3 8 1 1 0 0 0 1 0
0 9179 1 1 0 0 55 9583 60 102 12 86 102 12 86 12 86 118 86 84 40 58 1 58 40 95 30 3 13 49 13 49 13 35 9 35 109 2 33 23 71 94 68 93 68 57 68 13 49 25 28 1 26 4 87 115 6 53 9 3 30 50 30 29 110 97 46 93 68 16 5 1 0 1 0 0 1 0
0 9755 1 1 0 0 55 8965 52 11 46 97 40 54 108 112 27 112 27 97 40 54 40 54 100 54 40 84 40 58 1 74 66 5 37 5 37 5 36 88 77 64 77 64 89 21 89 20 21 89 21 20 7 72 25 28 1 28 54 40 84 16 34 1 1 1 0 0 1 1
1 1076 1 1 1 1 125 8136 54 15 31 15 31 12 102 51 102 12 34 103 56 109 2 33 23 33 100 54 100 6 74 1 26 1 28 1 28 1 26 48 26 4 26 106 107 59 107 59 24 51 24 58 24 71 23 71 24 89 24 50 39 53 9 12 37 1 0 0 0 0 0 0
1 1239 1 1 1 1 125 7486 42 95 40 84 40 97 103 56 109 16 53 18 53 6 41 104 17 104 7 58 1 26 48 26 106 107 59 107 106 58 1 26 106 58 7 44 7 20 21 89 24 89 21 13 51 0 1 0 0 0 0 0
1 1728 1 1 1 0 90 2741 25 64 89 21 89 64 52 2 109 2 109 56 109 16 53 18 53 18 53 18 19 18 53 18 53 39 3 9 0 1 1 0 0 1 0
0 9903 0 1 0 0 30 11716 68 43 60 73 14 102 51 24 59 96 69 96 93 46 97 46 97 103 74 103 56 103 56 109 16 53 9 53 39 50 30 29 30 50 30 3 30 50 24 19 61 110 29 110 29 110 61 102 61 102 51 102 51 103 51 24 88 36 5 37 5 36 5 66 23 71 94 71 91 4 32 0 1 1 0 0 0 1
0 9541 1 1 0 0 55 4314 32 96 59 38 59 57 14 26 4 26 4 87 41 87 81 65 81 87 60 43 60 111 60 87 115 20 21 20 42 118 86 102 86 16 26 1 0 1 0 1 0 1
0 9843 1 1 0 0 55 9783 57 99 44 7 104 76 16 109 35 109 2 33 2 33 100 54 28 25 72 104 41 104 73 104 72 7 44 57 42 57 59 38 59 57 14 57 44 57 44 91 44 57 14 12 14 102 86 82 63 83 75 76 75 83 34 12 31 12 6 45 1 1 1 0 0 0 0
0 9793 1 1 0 0 55 8442 60 93 68 116 8 27 112 27 112 108 112 27 97 103 56 109 16 76 34 83 81 83 81 110 62 12 14 73 16 109 35 13 68 116 8 105 8 27 97 27 8 67 101 65 81 110 61 90 80 90 61 102 69 102 69 96 69 96 93 46 11 11 4 1 0 1 1 0 0 1
0 9279 0 1 0 0 30 3930 23 25 72 104 17 34 22 49 25 98 25 54 40 58 40 54 100 10 100 54 40 97 103 56 14 15 0 1 0 1 1 1 0
0 9887 1 1 0 0 55 7254 42 87 41 87 81 83 75 83 63 83 34 103 34 76 104 7 58 24 59 24 59 107 59 24 59 107 59 24 50 30 50 30 35 9 3 30 3 13 49 25 98 25 54 6 34 1 0 1 0 0 1 1
1 1540 1 1 1 0 90 4923 29 92 70 35 13 35 109 16 76 104 7 44 7 44 99 44 57 59 107 106 107 59 24 50 39 53 39 53 9 3 9 26 0 1 0 1 0 0 0
0 9379 1 1 0 0 55 3172 22 113 93 24 88 36 88 24 93 96 79 49 22 49 79 6 115 101 115 101 115 87 41 5 51 1 1 0 1 1 1 0
1 1364 1 1 1 1 125 10243 58 28 1 26 14 102 14 26 4 57 44 57 42 118 86 84 40 54 25 49 13 35 70 35 30 35 13 35 104 7 44 7 104 72 25 28 25 28 25 49 25 98 25 98 25 98 25 54 28 54 100 10 100 10 100 54 40 84 86 8 21 1 0 0 1 1 1 1
1 1215 1 1 1 1 125 11279 61 23 33 23 66 5 37 5 36 5 37 5 36 5 37 5 36 5 66 5 37 5 66 5 37 5 66 23 71 23 66 5 66 5 37 5 37 5 36 114 36 114 36 114 36 114 85 114 85 114 64 77 88 24 71 94 68 13 49 13 3 30 1 55 1 1 1 1 0 0 0
1 1065 1 1 1 1 125 8168 53 60 43 60 111 67 111 60 111 67 111 67 68 13 38 24 59 96 93 68 94 71 24 32 66 5 66 74 1 26 4 57 14 57 59 38 24 88 36 114 64 52 64 52 2 52 64 77 64 89 64 52 64 52 4 8 1 0 1 1 0 1 1
1 1261 1 1 1 1 125 7372 44 71 94 68 67 111 60 111 60 43 60 111 67 111 67 68 93 24 59 107 59 57 59 107 59 96 69 96 59 96 79 96 69 96 79 6 79 49 99 44 7 20 89 21 20 13 57 0 0 1 0 0 1 0
0 9508 1 1 0 0 55 5124 35 75 83 75 76 104 7 104 35 30 29 110 61 90 80 45 80 45 80 90 80 90 61 102 12 102 69 96 69 96 79 6 100 54 100 10 8 47 1 1 1 1 1 0 0
0 9170 0 1 0 0 30 7319 48 19 18 53 6 74 66 32 66 23 71 94 71 91 8 72 25 98 25 54 100 6 100 33 2 52 64 52 64 77 88 36 88 24 89 21 89 24 89 24 38 59 24 19 18 19 61 102 61 23 27 0 0 1 1 1 1 0
1 1688 1 1 1 0 90 4115 22 37 5 37 5 66 74 6 79 49 79 96 79 96 79 49 22 34 12 14 57 68 13 6 42 0 1 1 1 1 0 1
0 9088 0 1 0 0 30 4041 30 32 24 93 46 93 46 11 46 11 46 93 96 93 46 97 46 97 27 97 46 93 68 94 68 57 42 20 21 89 24 11 19 1 1 1 1 1 0 1
1 1215 1 1 1 0 90 4935 31 5 36 114 85 17 85 114 64 89 24 19 24 51 103 56 103 97 40 95 29 30 29 95 40 95 29 95 29 30 3 9 23 11 1 1 0 0 0 0 1
0 9018 1 1 0 0 55 10485 61 107 59 57 14 73 60 43 60 73 16 109 2 33 100 10 100 54 108 112 108 112 108 54 40 84 40 95 30 3 9 53 18 53 16 73 60 43 60 87 4 87 4 57 42 57 44 55 44 57 68 93 46 11 46 93 24 38 13 38 24 71 1 30 1 0 0 1 0 1 0
1 1305 1 1 1 1 125 7663 55 97 27 112 108 54 108 112 108 112 27 112 108 54 100 54 100 6 79 96 93 96 69 102 14 26 48 26 48 26 1 74 6 100 54 28 54 25 72 104 73 104 41 104 35 109 35 104 7 104 7 104 35 9 35 104 18 33 0 1 1 0 1 1 0
0 9016 0 1 0 0 30 4479 25 116 68 57 44 57 59 24 32 24 88 24 32 24 71 24 93 96 79 49 25 72 7 104 17 85 18 52 1 0 1 0 0 1 1
0 9790 1 1 0 0 55 7819 52 4 57 44 99 44 99 44 55 44 7 20 7 104 7 104 76 16 73 16 53 6 79 6 100 10 100 54 100 33 2 33 23 33 2 52 2 109 16 53 6 74 103 51 103 56 109 35 109 35 104 76 75 0 32 0 1 0 0 0 1 1
0 9385 1 1 0 0 55 6564 44 51 102 69 96 93 24 50 24 19 61 19 61 90 80 90 61 22 49 79 6 115 6 74 103 34 83 34 12 102 61 19 24 71 91 44 91 8 67 8 116 8 67 101 115 21 55 1 1 0 1 1 1 1
0 9425 0 1 0 0 30 3845 21 110 97 46 11 46 11 46 11 46 93 113 93 24 19 24 32 24 89 24 51 103 17 19 0 1 1 0 1 1 1
1 1239 1 1 1 1 125 8172 54 13 3 15 3 15 31 12 14 102 61 22 61 110 62 110 29 30 50 39 50 24 51 103 51 103 34 22 49 99 44 7 4 26 4 87 60 111 60 111 60 43 60 111 67 101 67 8 116 8 27 112 27 8 67 14 37 1 0 0 0 1 1 0
0 9036 0 1 0 0 30 4980 30 68 74 103 97 110 29 110 61 19 61 19 61 102 61 19 61 22 34 103 56 109 2 109 16 109 35 30 50 39 50 14 15 0 0 1 0 1 0 0
1 1754 1 1 1 1 125 9488 58 118 42 57 44 57 4 7 72 8 91 8 27 112 108 54 28 1 74 66 23 71 8 27 8 116 8 105 8 116 68 116 8 91 71 94 68 67 101 65 81 110 61 110 73 60 73 16 73 60 87 115 20 89 21 20 7 20 21 9 3 1 1 1 0 0 0 0
0 9063 0 1 0 0 30 7605 45 5 37 5 36 5 66 5 66 32 24 50 39 53 39 50 24 89 20 89 20 89 64 114 85 17 104 35 13 68 13 38 24 93 113 93 46 93 24 38 13 3 30 95 30 50 21 11 1 1 1 1 0 1 1
0 9816 0 1 0 0 30 2636 24 45 80 45 80 90 80 45 80 45 80 90 61 19 18 111 67 8 105 8 116 8 27 112 27 22 25 1 0 1 0 0 1 0
0 9663 0 1 0 0 30 9549 63 98 25 28 25 72 25 54 25 98 25 49 25 72 25 49 79 6 41 87 4 26 4 87 115 20 42 20 42 20 115 6 53 18 111 60 73 104 17 104 73 110 73 16 73 110 61 90 80 45 80 45 80 90 80 90 61 22 49 99 44 99 49 22 12 13 0 1 1 0 1 1 1
0 9377 1 1 0 0 55 4210 30 12 86 82 86 118 86 12 14 102 14 73 14 26 1 26 1 74 68 74 68 13 35 109 56 103 97 27 97 103 34 18 54 0 1 1 0 1 0 1
0 9098 0 1 0 0 30 5196 33 103 74 6 115 20 21 89 20 115 101 67 111 60 43 60 43 60 87 4 7 44 55 44 7 72 8 116 68 13 38 24 58 7 18 1 0 1 1 0 1 1 1
1 1192 1 1 1 1 125 7945 59 88 77 64 77 64 52 2 109 56 103 74 66 23 66 32 66 32 66 32 66 23 71 94 71 94 68 74 66 32 66 5 66 5 37 5 66 23 33 23 66 74 6 74 1 28 54 108 112 27 112 27 112 108 54 108 54 100 6 74 14 22 0 1 1 0 0 0 0
1 1533 1 1 1 1 125 10275 64 25 49 22 34 12 102 51 103 51 102 61 110 81 83 81 87 60 111 67 111 60 111 60 111 60 73 104 73 110 73 16 109 35 109 2 52 64 114 36 114 85 17 85 114 64 89 64 114 36 5 37 5 37 5 37 5 36 114 85 17 34 17 104 7 17 40 1 0 0 0 0 1 1
1 1385 1 1 1 1 125 11052 64 72 7 72 104 17 104 17 34 17 34 83 75 76 75 83 81 110 97 103 34 76 104 76 104 73 110 29 110 97 46 11 46 11 46 11 46 97 46 97 27 112 27 97 103 97 46 93 46 93 24 59 107 59 96 93 46 97 40 54 108 54 40 95 40 8 18 1 1 0 0 1 0 1
1 1152 1 1 1 1 125 8479 51 37 5 66 74 66 23 33 2 33 100 6 79 6 100 54 40 84 86 102 14 57 42 57 42 118 86 12 34 103 47 103 56 103 74 68 57 44 55 44 7 4 87 81 83 81 83 63 82 86 84 86 18 18 0 0 1 1 1 1 0
1 1660 1 1 1 0 90 5927 31 5 37 5 36 88 24 71 8 27 97 110 97 40 97 110 62 12 62 12 62 12 102 14 26 1 58 7 104 73 104 7 23 22 1 1 0 1 0 1 0
0 9559 1 1 0 0 55 7598 49 40 95 29 110 73 104 17 34 22 34 12 86 118 42 57 59 107 106 107 59 38 24 51 103 47 103 97 27 8 105 8 27 8 116 68 13 49 22 49 13 49 79 49 99 44 7 58 40 95 0 36 0 0 0 1 1 1 1
0 9513 1 1 0 0 55 4472 28 30 35 104 41 104 17 34 22 61 102 51 102 69 96 69 102 12 14 12 62 12 86 82 86 118 86 82 86 12 19 0 1 0 0 0 0 1
0 9116 1 1 0 0 55 6844 30 72 104 73 14 73 60 111 60 73 104 7 58 1 58 7 58 106 58 106 58 106 58 106 58 1 58 7 72 8 91 10 30 0 0 0 1 1 1 1
0 9990 1 1 0 0 55 6301 35 38 59 57 44 91 8 71 23 66 32 66 5 66 5 66 5 66 5 66 32 24 50 30 29 30 3 13 68 57 44 7 20 7 20 89 22 41 1 0 1 1 1 0 1
1 1425 1 1 1 0 90 5444 33 63 82 63 82 63 83 81 110 97 46 11 46 97 103 51 24 93 46 97 103 56 109 2 52 64 89 21 89 21 20 115 20 115 14 48 1 1 0 0 1 0 0
1 1651 1 1 1 1 125 7895 52 68 116 8 71 91 44 57 68 13 35 70 35 13 35 109 16 76 16 53 9 53 6 115 20 115 101 65 101 65 81 87 60 87 81 110 62 12 102 12 102 14 102 61 22 34 22 34 22 34 12 86 118 14 48 1 0 0 0 0 0 1
1 1728 1 1 1 1 125 11258 67 11 46 11 46 97 103 97 27 112 108 112 108 112 108 112 27 8 72 8 27 97 110 62 110 61 110 73 104 7 58 40 97 46 97 110 62 12 62 110 61 102 51 24 93 46 93 68 13 35 13 35 9 53 39 53 9 35 30 29 110 73 16 109 16 53 18 19 0 40 0 1 1 1 0 1 1
0 9607 0 1 0 0 30 3876 24 81 83 81 83 63 82 86 102 12 62 110 97 27 97 27 112 27 8 71 24 88 36 88 36 14 11 0 1 0 1 1 0 1
1 1701 1 1 1 1 125 9317 53 63 82 63 83 81 110 81 65 101 65 81 83 63 82 63 83 34 103 34 83 34 76 16 73 110 61 102 61 102 14 57 68 93 96 59 38 24 89 64 52 64 77 88 36 5 36 88 77 88 36 5 66 32 0 18 0 1 0 0 1 1 0
1 1308 1 1 1 1 125 9942 65 18 19 61 22 34 83 63 83 81 65 101 115 6 100 6 41 87 115 87 41 87 41 6 53 18 111 18 111 67 111 18 19 18 111 67 8 27 8 72 8 72 104 7 104 17 85 17 104 73 14 12 34 83 81 87 60 111 67 68 57 59 38 59 38 13 14 5 0 0 0 1 1 0 0
1 1834 1 1 1 1 125 9984 54 22 61 22 61 102 69 96 69 96 93 24 93 24 58 40 84 86 82 86 82 63 83 34 103 34 103 51 24 88 24 89 21 89 21 89 64 114 36 114 36 5 37 5 37 5 66 5 37 5 36 88 36 114 36 2 8 0 1 1 1 1 1 1
1 1051 1 1 1 0 90 3513 21 41 6 79 6 79 6 53 39 53 9 53 18 19 24 88 36 5 37 5 36 5 9 48 0 0 1 1 0 1 0
0 9327 0 1 0 0 30 3565 25 27 97 27 97 27 112 108 54 28 1 58 24 32 66 32 24 89 24 93 96 79 49 25 98 25 13 32 1 0 1 1 1 1 1
1 1832 1 1 1 0 90 7108 39 96 79 6 79 49 99 44 7 72 25 98 25 49 99 44 99 49 22 34 76 16 76 16 76 16 73 14 102 61 110 73 60 87 4 7 104 17 34 22 0 54 1 0 1 1 0 1 0
1 1571 1 1 1 0 90 6618 36 99 49 99 44 7 72 25 98 25 54 40 58 106 58 40 58 40 58 7 104 76 75 83 63 82 86 12 86 82 86 102 86 102 69 102 86 20 57 0 1 0 0 1 0 0
1 1632 1 1 1 1 125 7765 52 8 71 91 71 94 68 93 46 97 110 97 103 34 22 61 19 24 50 39 53 16 76 34 76 75 76 34 76 34 22 61 90 61 19 18 111 60 111 18 53 9 53 39 53 16 73 16 73 16 109 16 73 21 20 0 1 0 0 0 1 1
0 9051 0 1 0 0 30 11429 69 73 16 76 34 83 75 76 75 83 63 83 34 83 75 76 34 103 56 109 35 30 29 30 35 30 29 110 97 46 93 46 11 46 11 46 97 27 112 27 112 27 97 27 97 40 95 40 84 40 95 30 3 15 31 12 34 83 75 76 34 83 63 82 86 102 14 57 44 57 1 19 0 0 1 0 0 1 0
0 9762 1 1 0 0 55 3767 20 73 14 102 69 96 59 38 13 35 30 50 30 95 29 30 95 30 35 30 95 22 17 1 1 1 0 1 0 0
1 1854 1 1 1 0 90 6097 34 1 26 14 102 86 12 62 12 86 84 40 84 40 84 86 84 40 95 30 3 15 31 12 102 51 24 50 39 53 16 53 9 35 70 12 5 1 1 1 0 1 1 0
1 1447 1 1 1 0 90 5146 32 111 60 43 60 73 16 76 34 103 47 103 97 103 51 103 97 27 97 110 81 83 81 87 81 65 101 115 20 7 4 26 14 12 8 0 0 1 1 0 0 1
0 9591 1 1 0 0 55 10535 64 47 103 34 76 75 83 34 17 34 76 75 83 81 110 29 95 30 29 95 40 54 40 84 86 84 40 54 28 1 74 66 74 1 58 40 97 40 95 30 35 30 95 40 58 106 107 59 38 24 93 68 74 6 74 6 41 6 53 6 53 9 53 39 50 2 10 1 1 0 0 0 0 1
1 1985 1 1 1 0 90 3198 20 54 100 10 100 33 23 66 23 71 94 68 13 35 30 3 13 3 15 31 12 22 37 0 0 1 1 0 0 1
0 9844 1 1 0 0 55 8965 51 101 67 68 57 42 118 42 57 4 7 72 25 98 25 54 28 54 28 54 25 54 108 112 108 112 108 112 27 8 116 8 67 111 67 68 94 71 24 71 91 71 8 71 94 71 94 68 116 8 91 8 19 18 1 1 0 1 0 0 1
0 9864 1 1 0 0 55 7953 47 24 93 24 88 77 88 77 64 114 85 17 85 114 85 17 34 12 86 82 86 84 40 84 40 95 30 35 109 2 33 100 54 100 54 108 112 27 8 27 97 40 54 40 54 25 28 25 12 33 0 0 0 0 1 0 1
1 1059 1 1 1 0 90 4249 22 83 81 83 81 83 63 83 34 76 34 12 31 15 31 12 14 73 60 43 60 43 60 13 5 1 1 1 0 0 0 1
1 1028 1 1 1 0 90 6385 36 18 111 67 8 71 24 50 24 59 96 69 96 69 96 93 113 93 24 71 94 68 74 1 58 24 58 7 58 7 104 17 104 41 87 60 87 2 20 0 1 1 1 1 0 1
0 9958 0 1 0 0 30 7804 46 104 76 34 22 61 22 34 83 34 76 75 83 75 76 34 83 75 76 104 73 104 73 16 76 16 73 16 73 60 73 14 73 104 73 16 109 35 30 3 15 31 12 31 12 14 102 22 44 1 0 0 0 0 1 1
0 9376 1 1 0 0 55 6030 34 1 74 103 34 22 49 13 3 13 68 13 68 57 14 12 31 15 31 15 31 15 31 15 3 9 53 16 73 104 7 58 7 72 7 10 42 0 1 1 1 1 1 0
1 1788 1 1 1 1 125 11494 60 92 70 35 70 92 70 35 104 76 16 76 75 83 34 12 14 102 51 103 56 103 74 66 5 36 114 36 88 77 64 89 21 20 115 87 81 65 81 87 4 57 44 57 68 57 42 118 42 118 42 118 86 12 31 15 31 12 86 84 40 11 25 0 1 1 1 0 0 0
1 1001 1 1 1 1 125 11931 66 65 101 65 101 67 111 60 73 16 53 9 53 6 41 87 4 7 58 7 72 7 20 21 89 24 58 24 19 18 19 18 111 18 19 61 110 73 110 61 102 86 84 40 84 86 12 31 15 3 30 3 9 35 9 3 15 31 12 102 14 73 110 61 110 73 16 23 25 0 1 1 0 1 1 1
0 9643 0 1 0 0 30 9417 55 84 40 95 30 95 30 95 40 54 108 112 27 97 40 97 103 97 46 97 27 8 71 8 71 23 33 23 66 32 66 74 1 28 1 26 1 74 6 100 33 100 6 41 87 4 87 60 43 60 111 18 111 60 73 14 7 32 1 1 1 0 0 1 1
0 9653 1 1 0 0 55 7781 46 85 114 36 5 36 5 66 32 66 74 103 56 103 51 24 89 64 89 24 50 39 53 39 50 24 88 24 71 24 59 96 93 96 79 49 22 61 110 61 102 14 26 106 26 14 73 17 52 1 1 0 1 1 1 1
0 9542 1 1 0 0 55 3953 23 62 12 102 69 96 69 102 86 118 86 84 40 84 40 97 110 81 83 34 76 104 7 4 7 15 1 1 0 1 0 1 0
0 9661 1 1 0 0 55 8440 55 69 102 12 34 22 61 90 80 90 80 45 80 45 80 45 80 90 80 90 80 90 61 110 61 102 86 82 86 102 51 102 12 31 15 3 15 3 13 68 93 68 93 96 69 102 51 24 19 61 19 24 38 24 19 61 23 42 0 0 0 1 1 0 1
0 9237 1 1 0 0 55 6872 40 11 46 97 110 81 87 115 101 115 6 79 96 79 49 79 49 99 49 25 54 28 54 25 98 25 54 108 54 25 98 25 54 100 33 100 10 100 54 25 72 14 21 0 1 1 0 0 0 1
0 9359 0 1 0 0 30 9993 63 41 87 60 87 81 83 63 83 75 76 104 7 4 7 20 115 20 21 20 115 87 81 87 60 111 18 111 60 73 16 53 18 53 39 50 39 53 6 41 104 41 104 35 9 35 70 92 70 92 70 92 70 35 9 35 70 35 104 72 104 7 44 99 18 44 0 0 0 1 1 1 1
0 9159 0 1 0 0 30 9401 49 64 77 88 36 114 64 77 64 89 21 89 20 21 89 64 77 88 24 32 66 5 37 5 36 114 36 5 36 114 85 114 64 114 64 52 2 109 16 76 104 41 104 41 104 7 20 42 57 68 22 26 1 0 0 1 0 0 0
1 1165 1 1 1 0 90 3628 20 33 2 33 100 54 108 54 100 10 100 6 79 96 79 96 59 57 4 87 4 1 53 1 1 0 0 1 0 1
0 9624 0 1 0 0 30 10575 65 31 15 3 30 3 30 95 40 95 40 84 86 102 12 34 103 56 109 35 70 92 70 35 109 35 70 35 104 17 34 83 81 87 115 87 81 83 75 76 16 109 2 109 2 33 100 10 100 10 100 54 25 49 25 98 25 98 25 28 54 100 10 100 6 53 23 26 0 0 0 1 1 1 0
1 1865 1 1 1 1 125 10558 63 8 67 101 115 20 21 20 7 20 115 87 60 73 14 12 14 26 48 26 106 26 4 7 44 91 71 94 68 116 68 13 68 13 49 79 96 79 96 79 96 59 57 4 26 48 26 106 26 14 26 1 28 25 98 25 54 25 54 25 72 104 17 85 3 13 1 0 1 1 0 1 1
0 9079 1 1 0 0 55 10489 67 80 90 80 45 80 45 80 45 80 90 80 90 80 90 80 90 61 110 62 110 61 22 49 13 49 13 35 9 53 16 109 16 53 6 53 39 53 9 53 16 109 56 103 51 24 19 24 51 103 74 103 51 103 97 103 34 103 97 27 112 108 112 27 112 27 112 108 23 59 1 1 1 1 1 1 0
0 9441 1 1 0 0 55 7644 52 65 81 65 81 87 81 87 115 6 41 104 7 20 42 118 42 57 42 20 115 6 53 18 53 18 111 67 68 13 49 25 49 79 6 115 101 115 101 67 101 65 81 87 4 26 106 107 106 107 106 26 1 19 18 0 1 0 1 1 1 0
1 1760 1 1 1 0 90 6932 36 82 63 83 63 83 34 103 97 40 97 46 11 46 93 46 97 46 11 46 93 24 51 102 12 102 61 110 73 60 73 14 26 106 107 106 26 22 17 0 0 1 1 1 0 0
0 9609 0 1 0 0 30 10968 60 70 92 70 35 30 35 109 16 73 60 111 18 19 18 111 18 19 18 53 18 19 24 38 13 35 70 35 13 49 13 35 109 16 76 104 41 6 79 49 79 6 53 39 50 39 50 30 29 95 29 30 35 30 50 24 71 23 71 94 68 7 12 0 0 1 1 1 0 0
1 1028 1 1 1 0 90 5055 32 41 6 74 103 51 24 51 102 69 102 86 118 42 118 86 12 34 12 86 118 86 82 63 83 75 83 81 65 81 65 81 87 17 24 1 1 1 0 0 0 1
0 9880 1 1 0 0 55 4890 25 24 59 107 106 107 59 24 50 24 38 13 35 70 92 70 35 13 38 13 38 13 3 30 3 30 23 6 0 1 1 0 1 0 0
0 9267 1 1 0 0 55 10378 62 30 3 9 53 16 76 104 73 16 73 16 53 39 50 24 50 39 53 9 53 39 50 30 50 30 35 70 92 70 35 109 16 109 16 76 104 73 60 87 60 87 81 65 101 115 20 21 89 24 71 23 71 23 33 23 71 94 68 74 66 5 37 18 11 1 0 0 0 0 1 1
1 1453 1 1 1 1 125 6808 43 95 29 30 29 110 81 87 115 101 115 87 81 65 101 67 101 67 8 72 25 98 25 49 25 98 25 49 79 49 13 35 9 53 18 19 61 110 61 90 61 19 61 102 9 8 1 1 0 0 1 0 1
0 9762 1 1 0 0 55 10901 62 93 46 93 24 59 96 69 102 14 26 4 7 44 7 104 7 58 1 74 1 58 40 97 27 8 71 91 71 24 88 36 88 24 38 24 38 24 71 8 71 94 68 67 8 116 68 74 103 34 22 61 110 62 110 97 40 54 40 84 40 95 30 16 11 0 0 1 0 0 0 1
0 9388 0 1 0 0 30 5646 35 115 87 41 104 73 14 73 60 87 81 65 101 67 101 115 6 41 6 79 49 99 49 99 49 79 49 22 34 17 85 114 36 88 36 114 17 21 1 0 0 1 1 0 0
0 9529 1 1 0 0 55 10700 60 19 61 110 29 110 29 30 95 40 97 27 8 116 8 105 8 91 44 57 4 87 115 20 42 118 86 118 86 12 86 12 31 15 31 15 31 15 3 15 31 15 3 13 68 57 68 67 101 65 81 65 81 110 29 95 29 110 62 12 86 1 58 1 1 0 0 1 0 1
1 1066 1 1 1 1 125 7439 48 30 95 29 30 50 39 53 6 53 6 53 39 50 24 93 68 116 8 91 71 8 67 68 57 59 57 68 94 71 91 71 94 71 91 8 116 68 74 1 74 103 56 103 97 46 97 46 93 2 27 1 1 0 0 1 0 1
0 9310 1 1 0 0 55 8939 52 65 101 115 6 41 87 60 111 67 68 74 1 28 54 40 95 40 95 30 3 30 3 15 31 15 31 15 3 13 35 13 49 13 38 13 3 13 68 116 68 94 68 116 8 27 8 67 111 18 111 60 111 11 21 0 0 0 1 0 1 0
1 1898 1 1 1 0 90 5904 36 35 13 68 13 38 24 19 24 88 24 51 103 74 1 28 25 49 79 96 59 96 79 6 100 54 108 112 27 8 71 23 33 23 33 2 52 1 32 1 1 0 1 1 1 1
1 1126 1 1 1 1 125 5399 51 53 16 73 60 111 18 53 9 53 18 19 61 90 80 45 80 45 80 45 80 90 80 45 80 45 80 45 80 45 80 45 80 45 80 45 80 45 80 45 80 45 80 45 80 45 80 90 61 110 61 19 19 33 1 1 1 0 1 0 1
1 1079 1 1 1 0 90 3163 20 116 8 105 8 116 68 93 113 93 24 88 36 114 36 88 24 88 36 88 36 10 19 1 1 1 1 0 1 0
1 1862 1 1 1 0 90 4698 27 36 88 36 114 85 17 104 7 20 115 101 65 101 65 81 83 81 110 61 22 49 22 61 110 61 19 61 11 8 0 0 0 1 1 1 1
0 9381 0 1 0 0 30 8935 48 63 82 63 83 63 82 63 83 34 83 63 82 86 84 40 97 46 93 24 32 24 38 24 71 23 33 23 33 2 109 35 104 76 75 76 34 76 16 76 104 76 16 109 56 103 56 103 47 15 29 1 1 1 1 1 0 0
1 1504 1 1 1 1 125 7454 50 44 55 44 7 20 42 57 42 57 44 57 44 99 44 99 49 79 96 59 24 89 21 20 115 101 115 87 4 26 4 87 81 83 75 83 34 22 49 79 6 74 1 28 54 25 72 104 72 8 91 14 30 0 0 0 0 1 0 1
1 1931 1 1 1 0 90 6124 37 55 44 57 68 57 42 118 86 12 102 12 86 82 86 118 42 20 42 20 42 118 42 118 42 118 86 118 86 118 86 84 40 54 25 72 8 72 0 21 1 1 0 1 1 0 0
1 1212 1 1 1 1 125 10417 69 48 26 48 26 1 26 14 57 42 118 42 57 42 20 21 20 115 20 21 20 7 20 7 4 26 106 107 59 107 59 107 59 107 59 38 13 38 13 68 57 4 87 81 87 4 7 4 87 81 87 115 6 79 6 41 104 17 34 103 47 103 97 46 97 40 95 29 95 40 16 14 0 0 0 1 1 0 1
0 9789 1 1 0 0 55 8606 50 43 60 73 110 97 46 11 46 93 113 93 46 11 46 11 46 11 46 11 46 11 46 97 46 93 96 59 96 69 102 69 96 69 102 86 118 42 20 21 20 115 20 7 44 99 49 22 49 13 35 16 11 0 0 0 0 0 1 0
1 1203 1 1 1 0 90 6605 37 113 93 24 19 24 71 23 71 94 68 116 8 71 94 68 116 68 67 101 115 87 81 87 60 111 67 111 67 8 72 8 105 8 71 8 72 104 17 28 1 0 1 0 0 0 0
0 9278 1 1 0 0 55 10843 69 97 40 84 40 95 40 95 29 110 61 90 61 19 18 111 67 101 115 6 74 6 100 33 2 33 100 10 100 6 115 20 42 118 42 20 42 118 42 57 14 26 48 26 48 26 48 26 4 7 72 8 91 8 91 71 24 89 20 89 24 71 8 91 71 8 72 104 73 16 7 7 1 1 0 0 1 0 0
1 1571 1 1 1 1 125 9394 58 22 49 13 3 9 53 16 53 18 111 60 73 16 73 14 12 62 12 14 57 68 93 46 93 68 67 8 91 8 116 68 13 35 13 68 57 59 57 14 12 86 82 63 83 34 17 85 114 36 114 64 114 64 89 24 59 107 59 18 16 1 0 1 1 1 0 0
1 1667 1 1 1 0 90 4089 23 30 95 40 58 106 58 40 95 30 50 39 50 39 53 9 35 104 76 75 76 34 103 51 9 4 0 0 1 0 0 0 0
0 9922 0 1 0 0 30 8163 48 44 7 104 73 14 73 16 73 104 41 104 41 104 17 34 12 31 12 34 83 63 82 86 82 86 12 102 69 96 93 46 93 96 59 57 4 57 4 26 14 73 14 12 86 102 51 103 56 14 59 1 0 1 1 1 0 0
1 1695 1 1 1 0 90 5289 36 2 109 35 104 76 16 76 34 22 49 99 49 22 61 90 61 90 61 19 18 111 67 111 60 87 60 73 104 72 7 104 72 25 49 99 49 19 30 1 1 0 1 1 0 0
0 9500 1 1 0 0 55 10687 65 12 34 76 104 76 75 83 63 83 81 110 62 12 31 12 31 12 62 12 14 102 51 103 34 17 104 17 85 114 64 89 24 32 66 23 33 23 33 100 54 108 54 28 1 28 25 98 25 54 108 54 28 54 25 54 108 54 28 1 74 66 74 1 74 68 7 4 0 1 1 1 0 0 1
0 9355 1 1 0 0 55 7828 57 94 68 67 111 18 53 6 100 6 74 103 56 109 35 104 17 104 17 104 72 8 105 8 67 101 67 101 67 111 18 53 18 19 18 19 18 53 18 111 60 87 81 65 101 115 6 53 9 35 109 2 52 2 52 2 109 16 7 48 1 1 1 0 0 0 1
0 9611 0 1 0 0 30 6703 46 18 53 39 53 18 19 24 71 8 105 8 72 104 73 60 87 115 87 115 87 60 43 60 111 18 19 61 90 61 90 80 90 61 19 18 53 18 111 60 73 110 62 12 34 76 16 17 36 1 1 0 0 1 1 0
0 9763 1 1 0 0 55 4714 32 69 96 69 102 14 102 69 102 12 86 12 14 26 48 26 14 12 86 84 86 118 86 84 40 97 110 62 12 34 103 51 102 9 19 0 1 1 1 0 0 1
1 1405 1 1 1 1 125 9264 56 13 35 30 29 30 3 15 3 13 49 79 6 53 9 3 30 3 15 31 12 102 14 102 14 57 14 102 51 102 51 103 47 103 74 66 74 1 58 40 95 29 110 73 104 35 13 35 104 72 25 28 25 28 54 100 54 18 8 1 0 1 0 0 1 0
1 1659 1 1 1 1 125 6370 40 91 8 71 8 91 44 91 8 72 8 105 8 105 8 116 8 105 8 116 68 57 14 12 31 15 3 15 3 9 3 13 3 30 3 13 35 13 3 9 35 12 11 0 0 0 1 1 0 0
1 1222 1 1 1 0 90 4777 31 112 108 112 27 97 103 74 68 74 1 28 25 72 25 98 25 28 54 25 98 25 49 13 68 94 68 74 6 41 87 115 12 26 1 1 0 1 1 1 1
1 1636 1 1 1 0 90 5592 33 101 67 111 60 73 104 72 8 72 25 28 1 74 68 93 24 89 20 115 6 41 104 35 13 38 24 59 38 24 89 64 77 88 20 14 1 0 1 0 1 0 1
1 1114 1 1 1 1 125 7327 46 106 58 24 88 36 88 24 19 18 111 60 87 81 83 63 83 63 82 63 83 34 76 34 22 49 13 35 109 56 109 16 53 16 76 34 17 104 17 85 114 85 17 34 103 56 103 18 12 0 0 0 1 0 1 0
1 1773 1 1 1 1 125 9225 48 16 109 35 9 3 15 3 9 35 70 92 70 92 70 92 70 92 70 92 70 92 70 92 70 92 70 92 70 35 13 3 30 29 30 50 30 35 30 50 24 19 24 58 106 107 59 38 13 8 1 1 0 1 0 1 0 0
1 1702 1 1 1 0 90 5928 39 49 79 6 79 6 53 18 53 18 111 60 43 60 111 18 111 60 87 115 6 115 87 81 110 62 12 31 12 31 15 3 15 31 12 102 86 82 86 82 21 18 0 0 0 0 0 0 1
1 1214 1 1 1 1 125 11294 69 63 83 34 76 34 22 61 90 61 102 12 86 82 63 83 75 76 104 17 104 7 20 115 20 21 89 64 114 64 89 24 51 102 12 14 12 62 110 97 46 97 40 54 28 1 26 1 26 48 26 14 73 16 53 6 100 33 23 66 5 37 5 66 23 66 23 71 91 71 3 19 1 1 0 0 0 1 1
1 1638 1 1 1 0 90 5095 33 89 24 59 107 59 38 24 93 113 93 24 93 113 93 96 69 96 79 6 79 96 59 107 59 38 24 93 24 51 24 38 59 107 23 33 1 1 1 1 0 1 1
1 1922 1 1 1 1 125 9453 67 65 81 87 115 6 100 54 108 54 25 49 25 49 22 61 102 61 110 97 27 97 46 93 46 93 24 59 57 4 7 44 7 72 8 116 8 105 8 116 68 74 66 23 66 5 66 23 33 2 109 35 70 35 30 29 110 97 27 112 108 54 40 54 100 6 100 54 1 14 0 1 1 0 0 1 1
0 9116 1 1 0 0 55 8619 49 46 93 113 93 46 93 113 93 96 69 96 69 102 12 86 82 63 82 86 118 42 118 42 118 42 20 89 21 20 21 89 64 114 36 5 36 114 36 114 64 77 64 114 36 114 36 88 24 19 21 56 0 1 0 0 1 0 1
0 9026 0 1 0 0 30 3950 26 27 97 46 11 46 97 110 81 83 75 83 34 22 49 13 35 30 3 15 3 13 49 99 49 79 6 18 23 0 0 1 1 1 0 1
1 1707 1 1 1 1 125 8114 44 36 88 36 114 85 17 34 103 97 103 51 24 71 91 8 91 8 71 8 67 111 60 73 14 26 4 26 1 26 48 26 14 73 16 109 2 109 35 109 35 104 41 6 74 7 58 0 0 1 0 1 1 0
1 1007 1 1 1 1 125 10877 69 43 60 87 81 87 4 26 48 26 1 58 7 72 7 20 7 72 104 17 104 17 104 72 8 72 25 49 22 34 76 104 72 8 105 8 72 8 27 112 27 8 27 112 27 112 108 112 108 54 108 54 100 10 100 33 100 6 41 87 115 101 65 81 65 81 110 29 110 97 5 17 0 1 0 1 0 0 0
1 1391 1 1 1 1 125 9215 51 7 58 1 26 14 102 14 57 59 24 38 24 32 66 74 6 115 87 41 104 76 34 12 86 12 31 12 34 17 104 72 7 104 41 104 41 87 60 43 60 43 60 111 60 73 104 17 85 114 64 114 12 40 0 0 0 1 1 1 0
0 9494 0 1 0 0 30 5988 33 47 103 97 110 61 22 61 22 61 110 81 83 81 110 62 12 62 12 14 57 59 96 79 96 59 38 24 19 18 19 24 51 24 11 53 0 1 0 1 1 0 0
0 9667 0 1 0 0 30 3736 22 50 30 3 13 38 59 24 59 107 106 58 24 38 13 35 9 35 30 35 30 29 110 18 48 0 1 0 1 1 1 1
1 1107 1 1 1 1 125 7199 46 61 90 61 19 61 19 61 110 81 65 81 83 81 83 34 83 81 87 115 87 60 87 41 104 35 109 16 109 16 53 6 79 49 99 49 13 68 94 71 91 71 94 71 23 71 91 10 32 0 0 0 1 1 0 0
0 9221 0 1 0 0 30 6299 37 116 8 71 24 38 13 3 15 31 12 62 110 29 110 97 110 97 40 58 1 26 14 12 14 102 12 62 110 29 110 97 46 97 110 62 110 81 22 52 1 0 0 1 0 1 0
0 9758 0 1 0 0 30 8685 56 14 73 14 26 48 26 4 26 14 26 106 58 40 95 40 54 25 28 1 28 1 74 103 97 40 97 103 56 103 51 102 86 84 40 84 40 54 100 54 108 112 108 112 108 54 108 112 27 8 67 68 67 101 115 87 4 11 36 0 1 1 0 0 1 1
1 1016 1 1 1 0 90 3953 22 64 114 64 52 2 33 23 71 24 38 59 107 59 57 44 7 72 8 72 25 54 108 8 8 0 0 1 0 0 1 1
1 1475 1 1 1 1 125 7635 46 8 116 68 116 68 94 71 23 71 24 38 59 24 71 91 8 91 71 8 105 8 105 8 91 44 99 49 13 3 9 53 9 3 13 68 94 71 24 71 24 88 77 64 114 36 114 2 16 0 0 0 0 1 0 1
1 1220 1 1 1 0 90 5368 30 111 60 73 16 53 16 73 110 29 95 29 30 95 29 30 3 9 3 13 38 13 3 13 35 70 35 104 7 72 25 6 5 1 1 1 0 1 1 0
1 1478 1 1 1 1 125 7711 48 79 49 25 72 25 98 25 98 25 72 25 49 25 49 13 68 116 68 93 68 94 71 24 93 68 74 6 41 104 17 85 17 34 83 34 17 85 17 85 114 36 114 85 114 36 114 85 17 21 16 1 0 0 1 1 0 1
1 1417 1 1 1 0 90 4667 32 112 108 112 27 8 72 104 76 34 22 61 102 69 102 51 103 74 68 67 8 72 25 49 99 44 57 14 26 106 107 59 24 4 11 1 1 0 0 0 1 0
1 1838 1 1 1 1 125 8978 56 72 7 4 26 14 12 34 12 102 86 102 14 26 1 28 1 28 54 40 97 103 97 27 97 110 97 46 93 96 79 49 99 44 55 44 91 71 91 8 116 8 91 44 57 68 116 8 71 91 71 94 68 67 8 91 44 12 9 1 1 1 0 1 1 1
1 1499 1 1 1 1 125 10348 61 114 85 17 104 76 16 73 14 73 14 12 34 103 47 103 47 103 47 103 97 27 112 108 112 108 112 27 97 103 47 103 56 103 74 6 79 6 74 66 32 24 71 24 93 68 57 59 24 50 39 50 24 71 91 8 105 8 91 44 7 44 10 54 0 1 0 1 1 0 0
0 9312 0 1 0 0 30 4472 31 87 4 7 44 7 44 91 71 91 44 55 44 99 44 7 72 8 71 24 93 68 57 14 26 1 58 1 26 14 26 48 7 40 0 0 1 1 1 1 1
0 9871 1 1 0 0 55 10502 57 79 49 25 49 79 96 79 49 79 96 69 102 14 102 61 22 34 76 104 35 9 53 39 50 30 50 24 32 66 32 24 32 66 5 37 5 36 114 64 114 64 52 2 109 2 52 64 89 64 89 20 89 64 77 64 89 20 8 6 1 0 0 0 0 1 0
0 9691 1 1 0 0 55 3951 20 85 114 85 114 85 114 36 114 64 52 64 114 36 114 85 17 104 76 16 76 11 29 1 0 0 1 1 0 1
1 1281 1 1 1 1 125 9997 62 53 6 74 1 74 1 26 4 87 115 20 7 58 40 58 40 95 30 3 15 31 15 3 30 35 104 76 16 109 2 52 2 52 64 77 88 36 5 66 5 37 5 37 5 66 74 66 74 6 74 66 32 66 23 66 23 66 23 71 8 116 68 1 43 0 0 1 0 0 0 1
0 9895 1 1 0 0 55 8260 43 46 97 110 81 65 101 67 111 60 73 16 73 60 87 81 65 81 110 81 83 75 83 81 83 63 82 63 82 63 82 86 82 63 82 63 82 86 82 86 12 31 12 14 8 46 0 1 0 1 1 1 0
0 9521 0 1 0 0 30 6734 38 3 30 3 15 31 12 34 103 51 24 38 24 89 64 89 24 51 24 59 107 106 26 106 107 106 58 40 95 29 95 40 58 24 89 21 20 42 118 3 43 1 0 0 0 0 1 1
0 9438 0 1 0 0 30 8772 52 106 58 40 84 86 118 86 84 40 58 7 20 89 20 42 118 86 84 86 12 86 102 14 12 86 102 61 22 61 22 49 22 49 25 72 104 72 104 41 87 115 87 4 87 81 83 34 103 51 24 93 46 21 6 1 1 1 0 1 1 0
0 9859 0 1 0 0 30 4599 30 38 24 32 24 50 30 50 39 53 18 19 61 102 12 34 83 63 83 34 76 34 103 34 22 61 19 18 53 18 19 12 32 1 1 0 0 1 1 1
1 1085 1 1 1 1 125 8811 69 109 2 109 35 13 49 13 49 99 44 7 72 7 4 26 106 58 7 20 21 20 115 6 115 6 115 87 41 87 60 87 41 6 79 49 79 6 115 6 115 87 115 101 65 101 65 81 83 81 87 115 20 42 20 89 20 115 20 115 6 100 10 100 6 100 33 2 109 56 3 16 1 1 1 1 1 0 0
1 1140 1 1 1 0 90 3753 24 111 18 19 18 53 9 3 15 3 13 35 109 16 73 14 12 14 73 104 41 87 41 6 74 9 0 1 1 0 0 1 0 1
1 1080 1 1 1 1 125 6649 48 5 36 88 77 64 52 64 114 85 17 34 12 62 12 14 26 106 107 59 96 93 96 79 49 25 54 100 10 100 10 100 6 100 54 100 6 74 68 67 68 94 68 67 101 115 87 60 111 11 38 1 1 0 1 1 1 0
0 9077 1 1 0 0 55 10951 64 52 64 114 85 114 36 88 36 88 24 71 24 59 38 59 96 69 102 86 102 61 19 61 19 18 53 6 53 16 53 39 50 24 32 66 23 66 74 68 94 71 23 71 23 66 5 66 32 66 5 36 88 24 19 24 93 113 93 96 59 96 93 24 93 3 25 1 0 0 0 1 0 1
